1 0 yjc 2014-11-04-20-15-36 56 39 17
1 1 wcwj 2014-11-04-20-15-36 43 42 1
1 2 Mr.rainy 2014-11-04-20-15-36 77 80 3
1 3 yjc 2014-11-04-20-15-36 61 64 3
1 4 Mr.rainy 2014-11-04-20-15-36 15 54 39
1 5 wcwj 2014-11-04-20-15-36 35 9 26
1 6 yjc 2014-11-04-20-15-36 58 37 21
1 7 timzxz 2014-11-04-20-15-36 36 32 4
1 8 yjc 2014-11-04-20-15-36 32 27 5
1 9 Mr.rainy 2014-11-04-20-15-36 51 26 25
1 10 wcwj 2014-11-04-20-15-36 56 54 2
1 11 yjc 2014-11-04-20-15-36 47 77 30
1 12 wcwj 2014-11-04-20-15-36 80 52 28
1 13 yjc 2014-11-04-20-15-36 71 75 4
1 14 wcwj 2014-11-04-20-15-36 54 13 41
1 15 Mr.rainy 2014-11-04-20-15-36 15 6 9
1 16 timzxz 2014-11-04-20-15-36 50 6 44
1 17 wcwj 2014-11-04-20-15-36 88 49 39
1 18 wcwj 2014-11-04-20-15-36 35 10 25
1 19 Mr.rainy 2014-11-04-20-15-36 20 19 1
1 20 Mr.rainy 2014-11-04-20-15-36 82 12 70
1 21 Mr.rainy 2014-11-04-20-15-36 27 28 1
1 22 yjc 2014-11-04-20-15-36 24 43 19
1 23 yjc 2014-11-04-20-15-36 16 83 67
1 24 Mr.rainy 2014-11-04-20-15-36 53 58 5
1 25 yjc 2014-11-04-20-15-36 52 12 40
1 26 timzxz 2014-11-04-20-15-36 86 32 54
1 27 Mr.rainy 2014-11-04-20-15-36 89 16 73
1 28 Mr.rainy 2014-11-04-20-15-36 42 19 23
1 29 timzxz 2014-11-04-20-15-36 40 76 36
1 30 wcwj 2014-11-04-20-15-36 79 60 19
1 31 wcwj 2014-11-04-20-15-36 48 47 1
1 32 wcwj 2014-11-04-20-15-36 12 81 69
1 33 Mr.rainy 2014-11-04-20-15-36 45 44 1
1 34 yjc 2014-11-04-20-15-36 47 82 35
1 35 Mr.rainy 2014-11-04-20-15-36 30 74 44
1 36 timzxz 2014-11-04-20-15-36 87 9 78
1 37 timzxz 2014-11-04-20-15-36 31 5 26
1 38 Mr.rainy 2014-11-04-20-15-36 52 79 27
1 39 yjc 2014-11-04-20-15-36 23 59 36
1 40 timzxz 2014-11-04-20-15-36 81 81 0
1 41 timzxz 2014-11-04-20-15-36 71 27 44
1 42 timzxz 2014-11-04-20-15-36 10 50 40
1 43 Mr.rainy 2014-11-04-20-15-36 69 34 35
1 44 wcwj 2014-11-04-20-15-36 62 36 26
1 45 wcwj 2014-11-04-20-15-36 63 65 2
1 46 yjc 2014-11-04-20-15-36 3 10 7
1 47 wcwj 2014-11-04-20-15-36 30 57 27
1 48 wcwj 2014-11-04-20-15-36 44 81 37
1 49 wcwj 2014-11-04-20-15-36 1 14 13
1 50 wcwj 2014-11-04-20-15-36 63 51 12
1 51 timzxz 2014-11-04-20-15-36 67 55 12
1 52 timzxz 2014-11-04-20-15-36 54 30 24
1 53 wcwj 2014-11-04-20-15-36 27 89 62
1 54 wcwj 2014-11-04-20-15-36 11 33 22
1 55 wcwj 2014-11-04-20-15-36 21 52 31
1 56 wcwj 2014-11-04-20-15-36 8 18 10
1 57 Mr.rainy 2014-11-04-20-15-36 11 7 4
1 58 yjc 2014-11-04-20-15-36 11 74 63
1 59 Mr.rainy 2014-11-04-20-15-36 80 48 32
1 60 Mr.rainy 2014-11-04-20-15-36 41 38 3
1 61 Mr.rainy 2014-11-04-20-15-36 8 8 0
1 62 yjc 2014-11-04-20-15-36 64 58 6
1 63 timzxz 2014-11-04-20-15-36 7 56 49
1 64 Mr.rainy 2014-11-04-20-15-36 14 82 68
1 65 wcwj 2014-11-04-20-15-36 7 32 25
1 66 yjc 2014-11-04-20-15-36 26 12 14
1 67 timzxz 2014-11-04-20-15-36 14 71 57
1 68 Mr.rainy 2014-11-04-20-15-36 29 29 0
1 69 yjc 2014-11-04-20-15-36 79 28 51
1 70 yjc 2014-11-04-20-15-36 0 44 44
1 71 Mr.rainy 2014-11-04-20-15-36 22 67 45
1 72 timzxz 2014-11-04-20-15-36 69 19 50
1 73 timzxz 2014-11-04-20-15-36 74 66 8
1 74 yjc 2014-11-04-20-15-36 84 79 5
1 75 timzxz 2014-11-04-20-15-36 41 42 1
1 76 yjc 2014-11-04-20-15-36 87 47 40
1 77 timzxz 2014-11-04-20-15-36 34 73 39
1 78 wcwj 2014-11-04-20-15-36 73 40 33
1 79 timzxz 2014-11-04-20-15-36 23 37 14
1 80 Mr.rainy 2014-11-04-20-15-36 20 5 15
1 81 wcwj 2014-11-04-20-15-36 31 87 56
1 82 timzxz 2014-11-04-20-15-36 74 77 3
1 83 Mr.rainy 2014-11-04-20-15-36 89 2 87
1 84 Mr.rainy 2014-11-04-20-15-36 76 83 7
1 85 Mr.rainy 2014-11-04-20-15-36 10 72 62
1 86 wcwj 2014-11-04-20-15-36 89 14 75
1 87 Mr.rainy 2014-11-04-20-15-36 77 49 28
1 88 yjc 2014-11-04-20-15-36 88 20 68
1 89 wcwj 2014-11-04-20-15-36 79 0 79
1 90 wcwj 2014-11-04-20-15-36 60 89 29
1 91 Mr.rainy 2014-11-04-20-15-36 82 6 76
1 92 Mr.rainy 2014-11-04-20-15-36 33 34 1
1 93 wcwj 2014-11-04-20-15-36 64 15 49
1 94 yjc 2014-11-04-20-15-36 78 30 48
1 95 timzxz 2014-11-04-20-15-36 7 40 33
1 96 timzxz 2014-11-04-20-15-36 35 73 38
1 97 wcwj 2014-11-04-20-15-36 83 52 31
1 98 Mr.rainy 2014-11-04-20-15-36 44 82 38
1 99 wcwj 2014-11-04-20-15-36 2 73 71
1 100 timzxz 2014-11-04-20-15-36 37 31 6
1 101 yjc 2014-11-04-20-15-36 68 48 20
1 102 yjc 2014-11-04-20-15-36 58 55 3
1 103 yjc 2014-11-04-20-15-36 74 29 45
1 104 timzxz 2014-11-04-20-15-36 55 71 16
1 105 wcwj 2014-11-04-20-15-36 31 13 18
1 106 Mr.rainy 2014-11-04-20-15-36 27 44 17
1 107 yjc 2014-11-04-20-15-36 16 25 9
1 108 wcwj 2014-11-04-20-15-36 5 18 13
1 109 Mr.rainy 2014-11-04-20-15-36 28 76 48
1 110 Mr.rainy 2014-11-04-20-15-36 27 78 51
1 111 yjc 2014-11-04-20-15-36 73 89 16
1 112 timzxz 2014-11-04-20-15-36 64 74 10
1 113 timzxz 2014-11-04-20-15-36 78 10 68
1 114 timzxz 2014-11-04-20-15-36 55 2 53
1 115 Mr.rainy 2014-11-04-20-15-36 65 70 5
1 116 yjc 2014-11-04-20-15-36 63 18 45
1 117 yjc 2014-11-04-20-15-36 83 23 60
1 118 Mr.rainy 2014-11-04-20-15-36 34 12 22
1 119 timzxz 2014-11-04-20-15-36 78 87 9
1 120 Mr.rainy 2014-11-04-20-15-36 31 46 15
1 121 wcwj 2014-11-04-20-15-36 54 61 7
1 122 wcwj 2014-11-04-20-15-36 11 38 27
1 123 Mr.rainy 2014-11-04-20-15-36 75 61 14
1 124 timzxz 2014-11-04-20-15-36 66 33 33
1 125 Mr.rainy 2014-11-04-20-15-36 61 46 15
1 126 timzxz 2014-11-04-20-15-36 62 64 2
1 127 wcwj 2014-11-04-20-15-36 35 15 20
1 128 Mr.rainy 2014-11-04-20-15-36 70 34 36
1 129 Mr.rainy 2014-11-04-20-15-36 48 49 1
1 130 wcwj 2014-11-04-20-15-36 17 80 63
1 131 wcwj 2014-11-04-20-15-36 36 48 12
1 132 timzxz 2014-11-04-20-15-36 56 13 43
1 133 Mr.rainy 2014-11-04-20-15-36 10 78 68
1 134 yjc 2014-11-04-20-15-36 15 70 55
1 135 Mr.rainy 2014-11-04-20-15-36 57 70 13
1 136 yjc 2014-11-04-20-15-36 64 4 60
1 137 yjc 2014-11-04-20-15-36 70 30 40
1 138 yjc 2014-11-04-20-15-36 21 20 1
1 139 wcwj 2014-11-04-20-15-36 59 55 4
1 140 timzxz 2014-11-04-20-15-36 21 62 41
1 141 Mr.rainy 2014-11-04-20-15-36 60 20 40
1 142 timzxz 2014-11-04-20-15-36 38 45 7
1 143 timzxz 2014-11-04-20-15-36 48 83 35
1 144 timzxz 2014-11-04-20-15-36 62 70 8
1 145 Mr.rainy 2014-11-04-20-15-36 61 74 13
1 146 timzxz 2014-11-04-20-15-36 86 49 37
1 147 wcwj 2014-11-04-20-15-36 31 8 23
1 148 yjc 2014-11-04-20-15-36 74 32 42
1 149 wcwj 2014-11-04-20-15-36 75 70 5
1 150 Mr.rainy 2014-11-04-20-15-36 44 63 19
1 151 wcwj 2014-11-04-20-15-36 38 81 43
1 152 yjc 2014-11-04-20-15-36 6 65 59
1 153 timzxz 2014-11-04-20-15-36 68 1 67
1 154 Mr.rainy 2014-11-04-20-15-36 60 51 9
1 155 yjc 2014-11-04-20-15-36 57 70 13
1 156 yjc 2014-11-04-20-15-36 64 10 54
1 157 timzxz 2014-11-04-20-15-36 46 70 24
1 158 wcwj 2014-11-04-20-15-36 0 1 1
1 159 wcwj 2014-11-04-20-15-36 26 63 37
1 160 Mr.rainy 2014-11-04-20-15-36 31 30 1
1 161 yjc 2014-11-04-20-15-36 68 80 12
1 162 wcwj 2014-11-04-20-15-36 59 40 19
1 163 Mr.rainy 2014-11-04-20-15-36 55 0 55
1 164 yjc 2014-11-04-20-15-36 89 60 29
1 165 wcwj 2014-11-04-20-15-36 42 71 29
1 166 Mr.rainy 2014-11-04-20-15-36 22 70 48
1 167 wcwj 2014-11-04-20-15-36 81 59 22
1 168 yjc 2014-11-04-20-15-36 85 77 8
1 169 yjc 2014-11-04-20-15-36 84 44 40
1 170 wcwj 2014-11-04-20-15-36 41 44 3
1 171 timzxz 2014-11-04-20-15-36 58 16 42
1 172 wcwj 2014-11-04-20-15-36 59 49 10
1 173 wcwj 2014-11-04-20-15-36 42 24 18
1 174 yjc 2014-11-04-20-15-36 62 32 30
1 175 timzxz 2014-11-04-20-15-36 23 79 56
1 176 timzxz 2014-11-04-20-15-36 84 86 2
1 177 timzxz 2014-11-04-20-15-36 69 16 53
1 178 wcwj 2014-11-04-20-15-36 83 85 2
1 179 Mr.rainy 2014-11-04-20-15-36 60 82 22
1 180 timzxz 2014-11-04-20-15-36 1 1 0
1 181 yjc 2014-11-04-20-15-36 54 13 41
1 182 timzxz 2014-11-04-20-15-36 50 54 4
1 183 wcwj 2014-11-04-20-15-36 23 33 10
1 184 wcwj 2014-11-04-20-15-36 48 83 35
1 185 wcwj 2014-11-04-20-15-36 16 83 67
1 186 wcwj 2014-11-04-20-15-36 55 71 16
1 187 Mr.rainy 2014-11-04-20-15-36 44 22 22
1 188 timzxz 2014-11-04-20-15-36 83 89 6
1 189 timzxz 2014-11-04-20-15-36 12 83 71
1 190 Mr.rainy 2014-11-04-20-15-36 74 53 21
1 191 Mr.rainy 2014-11-04-20-15-36 28 19 9
1 192 wcwj 2014-11-04-20-15-36 67 69 2
1 193 Mr.rainy 2014-11-04-20-15-36 4 35 31
1 194 timzxz 2014-11-04-20-15-36 44 27 17
1 195 wcwj 2014-11-04-20-15-36 89 51 38
1 196 wcwj 2014-11-04-20-15-36 89 12 77
1 197 timzxz 2014-11-04-20-15-36 83 57 26
1 198 timzxz 2014-11-04-20-15-36 3 52 49
1 199 yjc 2014-11-04-20-15-36 50 48 2
1 200 yjc 2014-11-04-20-15-36 6 88 82
1 201 timzxz 2014-11-04-20-15-36 74 30 44
1 202 timzxz 2014-11-04-20-15-36 7 81 74
1 203 timzxz 2014-11-04-20-15-36 13 52 39
1 204 yjc 2014-11-04-20-15-36 76 84 8
1 205 yjc 2014-11-04-20-15-36 81 56 25
1 206 Mr.rainy 2014-11-04-20-15-36 29 60 31
1 207 yjc 2014-11-04-20-15-36 70 26 44
1 208 Mr.rainy 2014-11-04-20-15-36 1 68 67
1 209 yjc 2014-11-04-20-15-36 26 83 57
1 210 timzxz 2014-11-04-20-15-36 49 3 46
1 211 Mr.rainy 2014-11-04-20-15-36 49 10 39
1 212 yjc 2014-11-04-20-15-36 37 56 19
1 213 wcwj 2014-11-04-20-15-36 55 80 25
1 214 wcwj 2014-11-04-20-15-36 40 18 22
1 215 wcwj 2014-11-04-20-15-36 85 15 70
1 216 Mr.rainy 2014-11-04-20-15-36 31 51 20
1 217 Mr.rainy 2014-11-04-20-15-36 22 63 41
1 218 wcwj 2014-11-04-20-15-36 81 60 21
1 219 wcwj 2014-11-04-20-15-36 38 20 18
1 220 timzxz 2014-11-04-20-15-36 49 26 23
1 221 yjc 2014-11-04-20-15-36 23 17 6
1 222 Mr.rainy 2014-11-04-20-15-36 12 33 21
1 223 timzxz 2014-11-04-20-15-36 84 51 33
1 224 Mr.rainy 2014-11-04-20-15-36 22 69 47
1 225 yjc 2014-11-04-20-15-36 56 43 13
1 226 wcwj 2014-11-04-20-15-36 21 54 33
1 227 yjc 2014-11-04-20-15-36 32 39 7
1 228 yjc 2014-11-04-20-15-36 16 74 58
1 229 Mr.rainy 2014-11-04-20-15-36 60 66 6
1 230 yjc 2014-11-04-20-15-36 24 51 27
1 231 wcwj 2014-11-04-20-15-36 24 25 1
1 232 yjc 2014-11-04-20-15-36 49 4 45
1 233 wcwj 2014-11-04-20-15-36 47 59 12
1 234 yjc 2014-11-04-20-15-36 61 24 37
1 235 timzxz 2014-11-04-20-15-36 2 61 59
1 236 wcwj 2014-11-04-20-15-36 5 85 80
1 237 timzxz 2014-11-04-20-15-36 89 39 50
1 238 wcwj 2014-11-04-20-15-36 41 78 37
1 239 timzxz 2014-11-04-20-15-36 79 1 78
1 240 yjc 2014-11-04-20-15-36 89 33 56
1 241 wcwj 2014-11-04-20-15-36 32 84 52
1 242 yjc 2014-11-04-20-15-36 13 12 1
1 243 yjc 2014-11-04-20-15-36 67 73 6
1 244 timzxz 2014-11-04-20-15-36 15 59 44
1 245 yjc 2014-11-04-20-15-36 26 11 15
1 246 timzxz 2014-11-04-20-15-36 40 74 34
1 247 timzxz 2014-11-04-20-15-36 61 31 30
1 248 Mr.rainy 2014-11-04-20-15-36 72 51 21
1 249 yjc 2014-11-04-20-15-36 47 80 33
1 250 wcwj 2014-11-04-20-15-36 61 52 9
1 251 yjc 2014-11-04-20-15-36 39 59 20
1 252 timzxz 2014-11-04-20-15-36 55 65 10
1 253 yjc 2014-11-04-20-15-36 72 37 35
1 254 Mr.rainy 2014-11-04-20-15-36 29 49 20
1 255 Mr.rainy 2014-11-04-20-15-36 50 25 25
1 256 Mr.rainy 2014-11-04-20-15-36 19 0 19
1 257 Mr.rainy 2014-11-04-20-15-36 25 7 18
1 258 yjc 2014-11-04-20-15-36 69 39 30
1 259 timzxz 2014-11-04-20-15-36 27 74 47
1 260 wcwj 2014-11-04-20-15-36 74 84 10
1 261 wcwj 2014-11-04-20-15-36 22 81 59
1 262 wcwj 2014-11-04-20-15-36 77 48 29
1 263 timzxz 2014-11-04-20-15-36 10 70 60
1 264 wcwj 2014-11-04-20-15-36 61 85 24
1 265 Mr.rainy 2014-11-04-20-15-36 24 48 24
1 266 Mr.rainy 2014-11-04-20-15-36 8 16 8
1 267 yjc 2014-11-04-20-15-36 77 17 60
1 268 timzxz 2014-11-04-20-15-36 87 0 87
1 269 Mr.rainy 2014-11-04-20-15-36 81 34 47
1 270 Mr.rainy 2014-11-04-20-15-36 12 89 77
1 271 timzxz 2014-11-04-20-15-36 24 68 44
1 272 yjc 2014-11-04-20-15-36 6 36 30
1 273 Mr.rainy 2014-11-04-20-15-36 18 53 35
1 274 Mr.rainy 2014-11-04-20-15-36 27 43 16
1 275 Mr.rainy 2014-11-04-20-15-36 63 61 2
1 276 timzxz 2014-11-04-20-15-36 71 64 7
1 277 yjc 2014-11-04-20-15-36 14 88 74
1 278 wcwj 2014-11-04-20-15-36 68 22 46
1 279 Mr.rainy 2014-11-04-20-15-36 42 85 43
1 280 Mr.rainy 2014-11-04-20-15-36 28 29 1
1 281 timzxz 2014-11-04-20-15-36 73 73 0
1 282 yjc 2014-11-04-20-15-36 11 56 45
1 283 timzxz 2014-11-04-20-15-36 57 58 1
1 284 yjc 2014-11-04-20-15-36 14 28 14
1 285 yjc 2014-11-04-20-15-36 83 22 61
1 286 yjc 2014-11-04-20-15-36 13 4 9
1 287 Mr.rainy 2014-11-04-20-15-36 54 46 8
1 288 wcwj 2014-11-04-20-15-36 7 14 7
1 289 timzxz 2014-11-04-20-15-36 70 71 1
1 290 Mr.rainy 2014-11-04-20-15-36 70 89 19
1 291 yjc 2014-11-04-20-15-36 86 30 56
1 292 Mr.rainy 2014-11-04-20-15-36 67 43 24
1 293 yjc 2014-11-04-20-15-36 80 30 50
1 294 timzxz 2014-11-04-20-15-36 53 76 23
1 295 wcwj 2014-11-04-20-15-36 78 15 63
1 296 wcwj 2014-11-04-20-15-36 39 39 0
1 297 Mr.rainy 2014-11-04-20-15-36 5 69 64
1 298 timzxz 2014-11-04-20-15-36 26 75 49
1 299 timzxz 2014-11-04-20-15-36 19 46 27